2 327
359995689 697349234
1 697349234
1 697349234
1 697349234
1 697349234
1 697349234
2 1057344923
1 359995689
1 62369198
1 583777080
1 359995689
2 1057344923
2 1057344923
1 697349234
2 1057344923
1 359995689
1 697349234
1 359995689
1 697349234
1 697349234
1 697349234
1 697349234
1 697349234
1 697349234
1 697349234
1 359995689
1 359995689
1 359995689
1 697349234
1 359995689
1 697349234
2 1057344923
1 697349234
1 697349234
1 697349234
1 359995689
1 697349234
1 697349234
1 697349234
1 697349234
1 697349234
1 697349234
1 697349234
1 697349234
1 697349234
1 629108247
1 697349234
2 1057344923
1 359995689
1 359995689
1 697349234
1 697349234
1 697349234
1 697349234
1 359995689
1 359995689
1 697349234
1 697349234
2 1057344923
2 1057344923
2 1057344923
1 697349234
1 697349234
1 697349234
1 359995689
1 697349234
2 1057344923
2 1057344923
1 359995689
1 795372468
1 359995689
1 697349234
2 1057344923
1 697349234
2 377951544
1 697349234
1 359995689
1 359995689
2 1057344923
1 359995689
2 1057344923
1 697349234
1 359995689
2 782430967
1 697349234
1 697349234
1 359995689
2 1057344923
2 1057344923
1 697349234
1 359995689
2 1057344923
1 697349234
2 1057344923
2 563796620
1 697349234
1 359995689
1 697349234
1 359995689
1 697349234
2 1057344923
2 1057344923
1 359995689
2 1057344923
2 1057344923
1 697349234
1 71490911
1 697349234
2 808752538
1 697349234
1 697349234
1 697349234
1 697349234
2 1057344923
1 697349234
2 1057344923
2 1057344923
2 642077388
2 1057344923
1 714072024
1 359995689
2 1057344923
1 697349234
1 697349234
1 697349234
1 700068048
1 697349234
1 359995689
1 359995689
1 359995689
1 697349234
1 359995689
1 697349234
1 697349234
1 697349234
1 697349234
1 697349234
1 697349234
1 655903701
2 1057344923
1 359995689
1 697349234
1 359995689
1 359995689
1 697349234
1 352366085
1 929200493
1 697349234
1 697349234
1 697349234
1 697349234
2 1057344923
2 1057344923
1 823794303
1 697349234
1 359995689
1 697349234
1 359995689
1 697349234
1 697349234
1 359995689
1 697349234
1 697349234
1 281933418
1 359995689
1 697349234
1 697349234
1 697349234
1 353458521
1 697349234
1 462343380
1 359995689
1 697349234
1 966380641
2 1057344923
1 359995689
1 697349234
2 1057344923
1 697349234
2 1057344923
2 1057344923
1 697349234
1 359995689
1 697349234
1 697349234
1 697349234
1 10292204
1 697349234
2 1057344923
1 697349234
2 1057344923
1 697349234
1 697349234
1 359995689
1 697349234
1 359995689
1 697349234
1 359995689
1 359995689
2 1057344923
2 1057344923
1 697349234
1 359995689
2 1057344923
2 231216714
1 359995689
2 1057344923
2 1057344923
1 359995689
1 697349234
2 1057344923
2 1057344923
1 697349234
1 550644099
1 697349234
1 697349234
1 697349234
2 1057344923
2 1057344923
1 359995689
1 359995689
2 1057344923
1 697349234
1 359995689
1 697349234
1 697349234
1 620422125
1 697349234
1 359995689
1 359995689
1 697349234
1 697349234
1 359995689
1 697349234
1 641208471
1 697349234
1 408775190
1 697349234
2 1057344923
1 697349234
1 898626356
1 697349234
1 697349234
2 1057344923
1 904486720
1 697349234
2 1057344923
1 697349234
1 697349234
1 359995689
2 1057344923
2 1057344923
1 76514590
1 697349234
1 584717927
2 1057344923
1 697349234
1 697349234
1 697349234
1 697349234
1 359995689
1 359995689
1 697349234
1 697349234
1 359995689
1 359995689
1 359995689
1 359995689
1 359995689
1 697349234
1 359995689
1 359995689
1 625974125
2 1057344923
1 697349234
1 359995689
1 697349234
2 1057344923
1 359995689
2 1057344923
1 697349234
2 1057344923
2 1057344923
1 878173080
1 697349234
2 1057344923
2 1057344923
1 697349234
2 1057344923
1 359995689
1 359995689
2 1057344923
1 697349234
2 1057344923
2 1057344923
1 697349234
2 1057344923
1 359995689
1 359995689
1 359995689
1 697349234
1 697349234
1 697349234
1 697349234
1 359995689
2 1057344923
1 697349234
2 1057344923
1 359995689
1 359995689
2 1057344923
1 697349234
1 359995689
1 359995689
2 1057344923
2 1057344923
2 1057344923
1 359995689
1 697349234
2 1057344923
2 1057344923
1 697349234
1 697349234
1 697349234
2 1057344923
1 359995689
1 359995689
2 1057344923
